1.489 1041.64 5.65257e+19
1.488 1045.82 5.65671e+19
1.487 1052.78 5.66361e+19
1.486 1058.34 5.66912e+19
1.485 1063.88 5.67457e+19
1.484 1069.42 5.68003e+19
1.483 1074.95 5.68545e+19
1.482 1080.48 5.69087e+19
1.481 1085.99 5.69624e+19
1.48 1091.5 5.70161e+19
1.479 1097 5.70694e+19
1.478 1102.49 5.71226e+19
1.477 1107.97 5.71755e+19
1.476 1113.45 5.72284e+19
1.475 1118.91 5.72809e+19
1.474 1124.37 5.73334e+19
1.473 1129.82 5.73856e+19
1.472 1135.27 5.74378e+19
1.471 1140.7 5.74897e+19
1.47 1146.13 5.75416e+19
1.469 1151.54 5.75933e+19
1.468 1156.95 5.7645e+19
1.467 1162.35 5.76965e+19
1.466 1167.75 5.7748e+19
1.465 1173.13 5.77993e+19
1.464 1178.51 5.78507e+19
1.463 1183.87 5.7902e+19
1.462 1189.23 5.79533e+19
1.461 1194.58 5.80046e+19
1.46 1199.93 5.80559e+19
1.459 1205.26 5.81072e+19
1.458 1210.59 5.81586e+19
1.457 1215.9 5.82101e+19
1.456 1221.21 5.82616e+19
1.455 1226.5 5.83131e+19
1.454 1231.8 5.83646e+19
1.453 1237.08 5.8416e+19
1.452 1242.36 5.84674e+19
1.451 1247.62 5.85187e+19
1.45 1254.2 5.85826e+19
