1.489 1041.64 5.65257e+19
1.4886 1043.51 5.65442e+19
1.4882 1045.03 5.65593e+19
1.4878 1046.72 5.6576e+19
1.4874 1049.13 5.65999e+19
1.487 1052.78 5.66361e+19
1.4866 1056.08 5.66688e+19
1.4862 1057.77 5.66855e+19
1.4858 1058.92 5.66969e+19
1.4854 1060.6 5.67134e+19
1.485 1063.88 5.67457e+19
1.4846 1067.16 5.6778e+19
1.4842 1068.85 5.67946e+19
1.4838 1070 5.6806e+19
1.4834 1071.68 5.68224e+19
1.483 1074.95 5.68545e+19
1.4826 1078.22 5.68866e+19
1.4822 1079.9 5.69031e+19
1.4818 1081.05 5.69143e+19
1.4814 1082.73 5.69306e+19
1.481 1085.99 5.69624e+19
1.4806 1089.25 5.69942e+19
1.4802 1090.93 5.70106e+19
1.4798 1092.08 5.70217e+19
1.4794 1093.75 5.70379e+19
1.479 1097 5.70694e+19
1.4786 1100.25 5.71009e+19
1.4782 1101.92 5.71171e+19
1.4778 1103.06 5.71282e+19
1.4774 1104.73 5.71442e+19
1.477 1107.97 5.71755e+19
1.4766 1111.21 5.72068e+19
1.4762 1112.88 5.72229e+19
1.4758 1114.02 5.72338e+19
1.4754 1115.68 5.72498e+19
1.475 1118.91 5.72809e+19
1.4746 1122.14 5.7312e+19
1.4742 1123.8 5.7328e+19
1.4738 1124.94 5.73388e+19
1.4734 1126.6 5.73547e+19
1.473 1129.82 5.73856e+19
1.4726 1133.05 5.74165e+19
1.4722 1134.7 5.74324e+19
1.4718 1135.83 5.74432e+19
1.4714 1137.49 5.7459e+19
1.471 1140.7 5.74897e+19
1.4706 1143.91 5.75204e+19
1.4702 1145.56 5.75362e+19
1.4698 1146.69 5.7547e+19
1.4694 1148.34 5.75627e+19
1.469 1151.54 5.75933e+19
1.4686 1154.74 5.76239e+19
1.4682 1156.39 5.76396e+19
1.4678 1157.51 5.76504e+19
1.4674 1159.16 5.7666e+19
1.467 1162.35 5.76965e+19
1.4666 1165.55 5.7727e+19
1.4662 1167.19 5.77426e+19
1.4658 1168.31 5.77533e+19
1.4654 1169.95 5.77689e+19
1.465 1173.13 5.77993e+19
1.4646 1176.32 5.78297e+19
1.4642 1177.95 5.78453e+19
1.4638 1179.07 5.7856e+19
1.4634 1180.7 5.78716e+19
1.463 1183.87 5.7902e+19
1.4626 1187.04 5.79324e+19
1.4622 1188.68 5.7948e+19
1.4618 1189.79 5.79586e+19
1.4614 1191.41 5.79742e+19
1.461 1194.58 5.80046e+19
1.4606 1197.75 5.8035e+19
1.4602 1199.37 5.80505e+19
1.4598 1200.48 5.80612e+19
1.4594 1202.1 5.80768e+19
1.459 1205.26 5.81072e+19
1.4586 1208.42 5.81376e+19
1.4582 1210.04 5.81532e+19
1.4578 1211.14 5.8164e+19
1.4574 1212.76 5.81796e+19
1.457 1215.9 5.82101e+19
1.4566 1219.04 5.82406e+19
1.4562 1220.66 5.82562e+19
1.4558 1221.76 5.8267e+19
1.4554 1223.37 5.82826e+19
1.455 1226.5 5.83131e+19
1.4546 1229.64 5.83436e+19
1.4542 1231.25 5.83592e+19
1.4538 1232.35 5.83699e+19
1.4534 1233.95 5.83856e+19
1.453 1237.08 5.8416e+19
1.4526 1240.21 5.84464e+19
1.4522 1241.81 5.84621e+19
1.4518 1242.9 5.84728e+19
1.4514 1244.5 5.84884e+19
1.451 1247.62 5.85187e+19
1.4506 1251.07 5.85523e+19
1.4502 1253.35 5.85743e+19
1.4498 1254.94 5.85898e+19
1.4494 1256.37 5.86037e+19
